80 100
2000
1 1 1 3 r
1 3 1 3 r
1 5 1 3 r
1 7 1 3 r
1 9 1 3 r
1 11 1 3 r
1 13 1 3 r
1 15 1 3 r
1 17 1 3 r
1 19 1 3 r
1 21 1 3 r
1 23 1 3 r
1 25 1 3 r
1 27 1 3 r
1 29 1 3 r
1 31 1 3 r
1 33 1 3 r
1 35 1 3 r
1 37 1 3 r
1 39 1 3 r
1 41 1 3 r
1 43 1 3 r
1 45 1 3 r
1 47 1 3 r
1 49 1 3 r
1 51 1 3 g
1 53 1 3 g
1 55 1 3 g
1 57 1 3 g
1 59 1 3 g
1 61 1 3 g
1 63 1 3 g
1 65 1 3 g
1 67 1 3 g
1 69 1 3 g
1 71 1 3 g
1 73 1 3 g
1 75 1 3 g
1 77 1 3 g
1 79 1 3 g
1 81 1 3 g
1 83 1 3 g
1 85 1 3 g
1 87 1 3 g
1 89 1 3 g
1 91 1 3 g
1 93 1 3 g
1 95 1 3 g
1 97 1 3 g
1 99 1 3 g
3 1 1 3 r
3 3 1 3 r
3 5 1 3 r
3 7 1 3 r
3 9 1 3 r
3 11 1 3 r
3 13 1 3 r
3 15 1 3 r
3 17 1 3 r
3 19 1 3 r
3 21 1 3 r
3 23 1 3 r
3 25 1 3 r
3 27 1 3 r
3 29 1 3 r
3 31 1 3 r
3 33 1 3 r
3 35 1 3 r
3 37 1 3 r
3 39 1 3 r
3 41 1 3 r
3 43 1 3 r
3 45 1 3 r
3 47 1 3 r
3 49 1 3 r
3 51 1 3 g
3 53 1 3 g
3 55 1 3 g
3 57 1 3 g
3 59 1 3 g
3 61 1 3 g
3 63 1 3 g
3 65 1 3 g
3 67 1 3 g
3 69 1 3 g
3 71 1 3 g
3 73 1 3 g
3 75 1 3 g
3 77 1 3 g
3 79 1 3 g
3 81 1 3 g
3 83 1 3 g
3 85 1 3 g
3 87 1 3 g
3 89 1 3 g
3 91 1 3 g
3 93 1 3 g
3 95 1 3 g
3 97 1 3 g
3 99 1 3 g
5 1 1 3 r
5 3 1 3 r
5 5 1 3 r
5 7 1 3 r
5 9 1 3 r
5 11 1 3 r
5 13 1 3 r
5 15 1 3 r
5 17 1 3 r
5 19 1 3 r
5 21 1 3 r
5 23 1 3 r
5 25 1 3 r
5 27 1 3 r
5 29 1 3 r
5 31 1 3 r
5 33 1 3 r
5 35 1 3 r
5 37 1 3 r
5 39 1 3 r
5 41 1 3 r
5 43 1 3 r
5 45 1 3 r
5 47 1 3 r
5 49 1 3 r
5 51 1 3 g
5 53 1 3 g
5 55 1 3 g
5 57 1 3 g
5 59 1 3 g
5 61 1 3 g
5 63 1 3 g
5 65 1 3 g
5 67 1 3 g
5 69 1 3 g
5 71 1 3 g
5 73 1 3 g
5 75 1 3 g
5 77 1 3 g
5 79 1 3 g
5 81 1 3 g
5 83 1 3 g
5 85 1 3 g
5 87 1 3 g
5 89 1 3 g
5 91 1 3 g
5 93 1 3 g
5 95 1 3 g
5 97 1 3 g
5 99 1 3 g
7 1 1 3 r
7 3 1 3 r
7 5 1 3 r
7 7 1 3 r
7 9 1 3 r
7 11 1 3 r
7 13 1 3 r
7 15 1 3 r
7 17 1 3 r
7 19 1 3 r
7 21 1 3 r
7 23 1 3 r
7 25 1 3 r
7 27 1 3 r
7 29 1 3 r
7 31 1 3 r
7 33 1 3 r
7 35 1 3 r
7 37 1 3 r
7 39 1 3 r
7 41 1 3 r
7 43 1 3 r
7 45 1 3 r
7 47 1 3 r
7 49 1 3 r
7 51 1 3 g
7 53 1 3 g
7 55 1 3 g
7 57 1 3 g
7 59 1 3 g
7 61 1 3 g
7 63 1 3 g
7 65 1 3 g
7 67 1 3 g
7 69 1 3 g
7 71 1 3 g
7 73 1 3 g
7 75 1 3 g
7 77 1 3 g
7 79 1 3 g
7 81 1 3 g
7 83 1 3 g
7 85 1 3 g
7 87 1 3 g
7 89 1 3 g
7 91 1 3 g
7 93 1 3 g
7 95 1 3 g
7 97 1 3 g
7 99 1 3 g
9 1 1 3 r
9 3 1 3 r
9 5 1 3 r
9 7 1 3 r
9 9 1 3 r
9 11 1 3 r
9 13 1 3 r
9 15 1 3 r
9 17 1 3 r
9 19 1 3 r
9 21 1 3 r
9 23 1 3 r
9 25 1 3 r
9 27 1 3 r
9 29 1 3 r
9 31 1 3 r
9 33 1 3 r
9 35 1 3 r
9 37 1 3 r
9 39 1 3 r
9 41 1 3 r
9 43 1 3 r
9 45 1 3 r
9 47 1 3 r
9 49 1 3 r
9 51 1 3 g
9 53 1 3 g
9 55 1 3 g
9 57 1 3 g
9 59 1 3 g
9 61 1 3 g
9 63 1 3 g
9 65 1 3 g
9 67 1 3 g
9 69 1 3 g
9 71 1 3 g
9 73 1 3 g
9 75 1 3 g
9 77 1 3 g
9 79 1 3 g
9 81 1 3 g
9 83 1 3 g
9 85 1 3 g
9 87 1 3 g
9 89 1 3 g
9 91 1 3 g
9 93 1 3 g
9 95 1 3 g
9 97 1 3 g
9 99 1 3 g
11 1 1 3 r
11 3 1 3 r
11 5 1 3 r
11 7 1 3 r
11 9 1 3 r
11 11 1 3 r
11 13 1 3 r
11 15 1 3 r
11 17 1 3 r
11 19 1 3 r
11 21 1 3 r
11 23 1 3 r
11 25 1 3 r
11 27 1 3 r
11 29 1 3 r
11 31 1 3 r
11 33 1 3 r
11 35 1 3 r
11 37 1 3 r
11 39 1 3 r
11 41 1 3 r
11 43 1 3 r
11 45 1 3 r
11 47 1 3 r
11 49 1 3 r
11 51 1 3 g
11 53 1 3 g
11 55 1 3 g
11 57 1 3 g
11 59 1 3 g
11 61 1 3 g
11 63 1 3 g
11 65 1 3 g
11 67 1 3 g
11 69 1 3 g
11 71 1 3 g
11 73 1 3 g
11 75 1 3 g
11 77 1 3 g
11 79 1 3 g
11 81 1 3 g
11 83 1 3 g
11 85 1 3 g
11 87 1 3 g
11 89 1 3 g
11 91 1 3 g
11 93 1 3 g
11 95 1 3 g
11 97 1 3 g
11 99 1 3 g
13 1 1 3 r
13 3 1 3 r
13 5 1 3 r
13 7 1 3 r
13 9 1 3 r
13 11 1 3 r
13 13 1 3 r
13 15 1 3 r
13 17 1 3 r
13 19 1 3 r
13 21 1 3 r
13 23 1 3 r
13 25 1 3 r
13 27 1 3 r
13 29 1 3 r
13 31 1 3 r
13 33 1 3 r
13 35 1 3 r
13 37 1 3 r
13 39 1 3 r
13 41 1 3 r
13 43 1 3 r
13 45 1 3 r
13 47 1 3 r
13 49 1 3 r
13 51 1 3 g
13 53 1 3 g
13 55 1 3 g
13 57 1 3 g
13 59 1 3 g
13 61 1 3 g
13 63 1 3 g
13 65 1 3 g
13 67 1 3 g
13 69 1 3 g
13 71 1 3 g
13 73 1 3 g
13 75 1 3 g
13 77 1 3 g
13 79 1 3 g
13 81 1 3 g
13 83 1 3 g
13 85 1 3 g
13 87 1 3 g
13 89 1 3 g
13 91 1 3 g
13 93 1 3 g
13 95 1 3 g
13 97 1 3 g
13 99 1 3 g
15 1 1 3 r
15 3 1 3 r
15 5 1 3 r
15 7 1 3 r
15 9 1 3 r
15 11 1 3 r
15 13 1 3 r
15 15 1 3 r
15 17 1 3 r
15 19 1 3 r
15 21 1 3 r
15 23 1 3 r
15 25 1 3 r
15 27 1 3 r
15 29 1 3 r
15 31 1 3 r
15 33 1 3 r
15 35 1 3 r
15 37 1 3 r
15 39 1 3 r
15 41 1 3 r
15 43 1 3 r
15 45 1 3 r
15 47 1 3 r
15 49 1 3 r
15 51 1 3 g
15 53 1 3 g
15 55 1 3 g
15 57 1 3 g
15 59 1 3 g
15 61 1 3 g
15 63 1 3 g
15 65 1 3 g
15 67 1 3 g
15 69 1 3 g
15 71 1 3 g
15 73 1 3 g
15 75 1 3 g
15 77 1 3 g
15 79 1 3 g
15 81 1 3 g
15 83 1 3 g
15 85 1 3 g
15 87 1 3 g
15 89 1 3 g
15 91 1 3 g
15 93 1 3 g
15 95 1 3 g
15 97 1 3 g
15 99 1 3 g
17 1 1 3 r
17 3 1 3 r
17 5 1 3 r
17 7 1 3 r
17 9 1 3 r
17 11 1 3 r
17 13 1 3 r
17 15 1 3 r
17 17 1 3 r
17 19 1 3 r
17 21 1 3 r
17 23 1 3 r
17 25 1 3 r
17 27 1 3 r
17 29 1 3 r
17 31 1 3 r
17 33 1 3 r
17 35 1 3 r
17 37 1 3 r
17 39 1 3 r
17 41 1 3 r
17 43 1 3 r
17 45 1 3 r
17 47 1 3 r
17 49 1 3 r
17 51 1 3 g
17 53 1 3 g
17 55 1 3 g
17 57 1 3 g
17 59 1 3 g
17 61 1 3 g
17 63 1 3 g
17 65 1 3 g
17 67 1 3 g
17 69 1 3 g
17 71 1 3 g
17 73 1 3 g
17 75 1 3 g
17 77 1 3 g
17 79 1 3 g
17 81 1 3 g
17 83 1 3 g
17 85 1 3 g
17 87 1 3 g
17 89 1 3 g
17 91 1 3 g
17 93 1 3 g
17 95 1 3 g
17 97 1 3 g
17 99 1 3 g
19 1 1 3 r
19 3 1 3 r
19 5 1 3 r
19 7 1 3 r
19 9 1 3 r
19 11 1 3 r
19 13 1 3 r
19 15 1 3 r
19 17 1 3 r
19 19 1 3 r
19 21 1 3 r
19 23 1 3 r
19 25 1 3 r
19 27 1 3 r
19 29 1 3 r
19 31 1 3 r
19 33 1 3 r
19 35 1 3 r
19 37 1 3 r
19 39 1 3 r
19 41 1 3 r
19 43 1 3 r
19 45 1 3 r
19 47 1 3 r
19 49 1 3 r
19 51 1 3 g
19 53 1 3 g
19 55 1 3 g
19 57 1 3 g
19 59 1 3 g
19 61 1 3 g
19 63 1 3 g
19 65 1 3 g
19 67 1 3 g
19 69 1 3 g
19 71 1 3 g
19 73 1 3 g
19 75 1 3 g
19 77 1 3 g
19 79 1 3 g
19 81 1 3 g
19 83 1 3 g
19 85 1 3 g
19 87 1 3 g
19 89 1 3 g
19 91 1 3 g
19 93 1 3 g
19 95 1 3 g
19 97 1 3 g
19 99 1 3 g
21 1 1 3 r
21 3 1 3 r
21 5 1 3 r
21 7 1 3 r
21 9 1 3 r
21 11 1 3 r
21 13 1 3 r
21 15 1 3 r
21 17 1 3 r
21 19 1 3 r
21 21 1 3 r
21 23 1 3 r
21 25 1 3 r
21 27 1 3 r
21 29 1 3 r
21 31 1 3 r
21 33 1 3 r
21 35 1 3 r
21 37 1 3 r
21 39 1 3 r
21 41 1 3 r
21 43 1 3 r
21 45 1 3 r
21 47 1 3 r
21 49 1 3 r
21 51 1 3 g
21 53 1 3 g
21 55 1 3 g
21 57 1 3 g
21 59 1 3 g
21 61 1 3 g
21 63 1 3 g
21 65 1 3 g
21 67 1 3 g
21 69 1 3 g
21 71 1 3 g
21 73 1 3 g
21 75 1 3 g
21 77 1 3 g
21 79 1 3 g
21 81 1 3 g
21 83 1 3 g
21 85 1 3 g
21 87 1 3 g
21 89 1 3 g
21 91 1 3 g
21 93 1 3 g
21 95 1 3 g
21 97 1 3 g
21 99 1 3 g
23 1 1 3 r
23 3 1 3 r
23 5 1 3 r
23 7 1 3 r
23 9 1 3 r
23 11 1 3 r
23 13 1 3 r
23 15 1 3 r
23 17 1 3 r
23 19 1 3 r
23 21 1 3 r
23 23 1 3 r
23 25 1 3 r
23 27 1 3 r
23 29 1 3 r
23 31 1 3 r
23 33 1 3 r
23 35 1 3 r
23 37 1 3 r
23 39 1 3 r
23 41 1 3 r
23 43 1 3 r
23 45 1 3 r
23 47 1 3 r
23 49 1 3 r
23 51 1 3 g
23 53 1 3 g
23 55 1 3 g
23 57 1 3 g
23 59 1 3 g
23 61 1 3 g
23 63 1 3 g
23 65 1 3 g
23 67 1 3 g
23 69 1 3 g
23 71 1 3 g
23 73 1 3 g
23 75 1 3 g
23 77 1 3 g
23 79 1 3 g
23 81 1 3 g
23 83 1 3 g
23 85 1 3 g
23 87 1 3 g
23 89 1 3 g
23 91 1 3 g
23 93 1 3 g
23 95 1 3 g
23 97 1 3 g
23 99 1 3 g
25 1 1 3 r
25 3 1 3 r
25 5 1 3 r
25 7 1 3 r
25 9 1 3 r
25 11 1 3 r
25 13 1 3 r
25 15 1 3 r
25 17 1 3 r
25 19 1 3 r
25 21 1 3 r
25 23 1 3 r
25 25 1 3 r
25 27 1 3 r
25 29 1 3 r
25 31 1 3 r
25 33 1 3 r
25 35 1 3 r
25 37 1 3 r
25 39 1 3 r
25 41 1 3 r
25 43 1 3 r
25 45 1 3 r
25 47 1 3 r
25 49 1 3 r
25 51 1 3 g
25 53 1 3 g
25 55 1 3 g
25 57 1 3 g
25 59 1 3 g
25 61 1 3 g
25 63 1 3 g
25 65 1 3 g
25 67 1 3 g
25 69 1 3 g
25 71 1 3 g
25 73 1 3 g
25 75 1 3 g
25 77 1 3 g
25 79 1 3 g
25 81 1 3 g
25 83 1 3 g
25 85 1 3 g
25 87 1 3 g
25 89 1 3 g
25 91 1 3 g
25 93 1 3 g
25 95 1 3 g
25 97 1 3 g
25 99 1 3 g
27 1 1 3 r
27 3 1 3 r
27 5 1 3 r
27 7 1 3 r
27 9 1 3 r
27 11 1 3 r
27 13 1 3 r
27 15 1 3 r
27 17 1 3 r
27 19 1 3 r
27 21 1 3 r
27 23 1 3 r
27 25 1 3 r
27 27 1 3 r
27 29 1 3 r
27 31 1 3 r
27 33 1 3 r
27 35 1 3 r
27 37 1 3 r
27 39 1 3 r
27 41 1 3 r
27 43 1 3 r
27 45 1 3 r
27 47 1 3 r
27 49 1 3 r
27 51 1 3 g
27 53 1 3 g
27 55 1 3 g
27 57 1 3 g
27 59 1 3 g
27 61 1 3 g
27 63 1 3 g
27 65 1 3 g
27 67 1 3 g
27 69 1 3 g
27 71 1 3 g
27 73 1 3 g
27 75 1 3 g
27 77 1 3 g
27 79 1 3 g
27 81 1 3 g
27 83 1 3 g
27 85 1 3 g
27 87 1 3 g
27 89 1 3 g
27 91 1 3 g
27 93 1 3 g
27 95 1 3 g
27 97 1 3 g
27 99 1 3 g
29 1 1 3 r
29 3 1 3 r
29 5 1 3 r
29 7 1 3 r
29 9 1 3 r
29 11 1 3 r
29 13 1 3 r
29 15 1 3 r
29 17 1 3 r
29 19 1 3 r
29 21 1 3 r
29 23 1 3 r
29 25 1 3 r
29 27 1 3 r
29 29 1 3 r
29 31 1 3 r
29 33 1 3 r
29 35 1 3 r
29 37 1 3 r
29 39 1 3 r
29 41 1 3 r
29 43 1 3 r
29 45 1 3 r
29 47 1 3 r
29 49 1 3 r
29 51 1 3 g
29 53 1 3 g
29 55 1 3 g
29 57 1 3 g
29 59 1 3 g
29 61 1 3 g
29 63 1 3 g
29 65 1 3 g
29 67 1 3 g
29 69 1 3 g
29 71 1 3 g
29 73 1 3 g
29 75 1 3 g
29 77 1 3 g
29 79 1 3 g
29 81 1 3 g
29 83 1 3 g
29 85 1 3 g
29 87 1 3 g
29 89 1 3 g
29 91 1 3 g
29 93 1 3 g
29 95 1 3 g
29 97 1 3 g
29 99 1 3 g
31 1 1 3 r
31 3 1 3 r
31 5 1 3 r
31 7 1 3 r
31 9 1 3 r
31 11 1 3 r
31 13 1 3 r
31 15 1 3 r
31 17 1 3 r
31 19 1 3 r
31 21 1 3 r
31 23 1 3 r
31 25 1 3 r
31 27 1 3 r
31 29 1 3 r
31 31 1 3 r
31 33 1 3 r
31 35 1 3 r
31 37 1 3 r
31 39 1 3 r
31 41 1 3 r
31 43 1 3 r
31 45 1 3 r
31 47 1 3 r
31 49 1 3 r
31 51 1 3 g
31 53 1 3 g
31 55 1 3 g
31 57 1 3 g
31 59 1 3 g
31 61 1 3 g
31 63 1 3 g
31 65 1 3 g
31 67 1 3 g
31 69 1 3 g
31 71 1 3 g
31 73 1 3 g
31 75 1 3 g
31 77 1 3 g
31 79 1 3 g
31 81 1 3 g
31 83 1 3 g
31 85 1 3 g
31 87 1 3 g
31 89 1 3 g
31 91 1 3 g
31 93 1 3 g
31 95 1 3 g
31 97 1 3 g
31 99 1 3 g
33 1 1 3 r
33 3 1 3 r
33 5 1 3 r
33 7 1 3 r
33 9 1 3 r
33 11 1 3 r
33 13 1 3 r
33 15 1 3 r
33 17 1 3 r
33 19 1 3 r
33 21 1 3 r
33 23 1 3 r
33 25 1 3 r
33 27 1 3 r
33 29 1 3 r
33 31 1 3 r
33 33 1 3 r
33 35 1 3 r
33 37 1 3 r
33 39 1 3 r
33 41 1 3 r
33 43 1 3 r
33 45 1 3 r
33 47 1 3 r
33 49 1 3 r
33 51 1 3 g
33 53 1 3 g
33 55 1 3 g
33 57 1 3 g
33 59 1 3 g
33 61 1 3 g
33 63 1 3 g
33 65 1 3 g
33 67 1 3 g
33 69 1 3 g
33 71 1 3 g
33 73 1 3 g
33 75 1 3 g
33 77 1 3 g
33 79 1 3 g
33 81 1 3 g
33 83 1 3 g
33 85 1 3 g
33 87 1 3 g
33 89 1 3 g
33 91 1 3 g
33 93 1 3 g
33 95 1 3 g
33 97 1 3 g
33 99 1 3 g
35 1 1 3 r
35 3 1 3 r
35 5 1 3 r
35 7 1 3 r
35 9 1 3 r
35 11 1 3 r
35 13 1 3 r
35 15 1 3 r
35 17 1 3 r
35 19 1 3 r
35 21 1 3 r
35 23 1 3 r
35 25 1 3 r
35 27 1 3 r
35 29 1 3 r
35 31 1 3 r
35 33 1 3 r
35 35 1 3 r
35 37 1 3 r
35 39 1 3 r
35 41 1 3 r
35 43 1 3 r
35 45 1 3 r
35 47 1 3 r
35 49 1 3 r
35 51 1 3 g
35 53 1 3 g
35 55 1 3 g
35 57 1 3 g
35 59 1 3 g
35 61 1 3 g
35 63 1 3 g
35 65 1 3 g
35 67 1 3 g
35 69 1 3 g
35 71 1 3 g
35 73 1 3 g
35 75 1 3 g
35 77 1 3 g
35 79 1 3 g
35 81 1 3 g
35 83 1 3 g
35 85 1 3 g
35 87 1 3 g
35 89 1 3 g
35 91 1 3 g
35 93 1 3 g
35 95 1 3 g
35 97 1 3 g
35 99 1 3 g
37 1 1 3 r
37 3 1 3 r
37 5 1 3 r
37 7 1 3 r
37 9 1 3 r
37 11 1 3 r
37 13 1 3 r
37 15 1 3 r
37 17 1 3 r
37 19 1 3 r
37 21 1 3 r
37 23 1 3 r
37 25 1 3 r
37 27 1 3 r
37 29 1 3 r
37 31 1 3 r
37 33 1 3 r
37 35 1 3 r
37 37 1 3 r
37 39 1 3 r
37 41 1 3 r
37 43 1 3 r
37 45 1 3 r
37 47 1 3 r
37 49 1 3 r
37 51 1 3 g
37 53 1 3 g
37 55 1 3 g
37 57 1 3 g
37 59 1 3 g
37 61 1 3 g
37 63 1 3 g
37 65 1 3 g
37 67 1 3 g
37 69 1 3 g
37 71 1 3 g
37 73 1 3 g
37 75 1 3 g
37 77 1 3 g
37 79 1 3 g
37 81 1 3 g
37 83 1 3 g
37 85 1 3 g
37 87 1 3 g
37 89 1 3 g
37 91 1 3 g
37 93 1 3 g
37 95 1 3 g
37 97 1 3 g
37 99 1 3 g
39 1 1 3 r
39 3 1 3 r
39 5 1 3 r
39 7 1 3 r
39 9 1 3 r
39 11 1 3 r
39 13 1 3 r
39 15 1 3 r
39 17 1 3 r
39 19 1 3 r
39 21 1 3 r
39 23 1 3 r
39 25 1 3 r
39 27 1 3 r
39 29 1 3 r
39 31 1 3 r
39 33 1 3 r
39 35 1 3 r
39 37 1 3 r
39 39 1 3 r
39 41 1 3 r
39 43 1 3 r
39 45 1 3 r
39 47 1 3 r
39 49 1 3 r
39 51 1 3 g
39 53 1 3 g
39 55 1 3 g
39 57 1 3 g
39 59 1 3 g
39 61 1 3 g
39 63 1 3 g
39 65 1 3 g
39 67 1 3 g
39 69 1 3 g
39 71 1 3 g
39 73 1 3 g
39 75 1 3 g
39 77 1 3 g
39 79 1 3 g
39 81 1 3 g
39 83 1 3 g
39 85 1 3 g
39 87 1 3 g
39 89 1 3 g
39 91 1 3 g
39 93 1 3 g
39 95 1 3 g
39 97 1 3 g
39 99 1 3 g
41 1 1 3 y
41 3 1 3 y
41 5 1 3 y
41 7 1 3 y
41 9 1 3 y
41 11 1 3 y
41 13 1 3 y
41 15 1 3 y
41 17 1 3 y
41 19 1 3 y
41 21 1 3 y
41 23 1 3 y
41 25 1 3 y
41 27 1 3 y
41 29 1 3 y
41 31 1 3 y
41 33 1 3 y
41 35 1 3 y
41 37 1 3 y
41 39 1 3 y
41 41 1 3 y
41 43 1 3 y
41 45 1 3 y
41 47 1 3 y
41 49 1 3 y
41 51 1 3 b
41 53 1 3 b
41 55 1 3 b
41 57 1 3 b
41 59 1 3 b
41 61 1 3 b
41 63 1 3 b
41 65 1 3 b
41 67 1 3 b
41 69 1 3 b
41 71 1 3 b
41 73 1 3 b
41 75 1 3 b
41 77 1 3 b
41 79 1 3 b
41 81 1 3 b
41 83 1 3 b
41 85 1 3 b
41 87 1 3 b
41 89 1 3 b
41 91 1 3 b
41 93 1 3 b
41 95 1 3 b
41 97 1 3 b
41 99 1 3 b
43 1 1 3 y
43 3 1 3 y
43 5 1 3 y
43 7 1 3 y
43 9 1 3 y
43 11 1 3 y
43 13 1 3 y
43 15 1 3 y
43 17 1 3 y
43 19 1 3 y
43 21 1 3 y
43 23 1 3 y
43 25 1 3 y
43 27 1 3 y
43 29 1 3 y
43 31 1 3 y
43 33 1 3 y
43 35 1 3 y
43 37 1 3 y
43 39 1 3 y
43 41 1 3 y
43 43 1 3 y
43 45 1 3 y
43 47 1 3 y
43 49 1 3 y
43 51 1 3 b
43 53 1 3 b
43 55 1 3 b
43 57 1 3 b
43 59 1 3 b
43 61 1 3 b
43 63 1 3 b
43 65 1 3 b
43 67 1 3 b
43 69 1 3 b
43 71 1 3 b
43 73 1 3 b
43 75 1 3 b
43 77 1 3 b
43 79 1 3 b
43 81 1 3 b
43 83 1 3 b
43 85 1 3 b
43 87 1 3 b
43 89 1 3 b
43 91 1 3 b
43 93 1 3 b
43 95 1 3 b
43 97 1 3 b
43 99 1 3 b
45 1 1 3 y
45 3 1 3 y
45 5 1 3 y
45 7 1 3 y
45 9 1 3 y
45 11 1 3 y
45 13 1 3 y
45 15 1 3 y
45 17 1 3 y
45 19 1 3 y
45 21 1 3 y
45 23 1 3 y
45 25 1 3 y
45 27 1 3 y
45 29 1 3 y
45 31 1 3 y
45 33 1 3 y
45 35 1 3 y
45 37 1 3 y
45 39 1 3 y
45 41 1 3 y
45 43 1 3 y
45 45 1 3 y
45 47 1 3 y
45 49 1 3 y
45 51 1 3 b
45 53 1 3 b
45 55 1 3 b
45 57 1 3 b
45 59 1 3 b
45 61 1 3 b
45 63 1 3 b
45 65 1 3 b
45 67 1 3 b
45 69 1 3 b
45 71 1 3 b
45 73 1 3 b
45 75 1 3 b
45 77 1 3 b
45 79 1 3 b
45 81 1 3 b
45 83 1 3 b
45 85 1 3 b
45 87 1 3 b
45 89 1 3 b
45 91 1 3 b
45 93 1 3 b
45 95 1 3 b
45 97 1 3 b
45 99 1 3 b
47 1 1 3 y
47 3 1 3 y
47 5 1 3 y
47 7 1 3 y
47 9 1 3 y
47 11 1 3 y
47 13 1 3 y
47 15 1 3 y
47 17 1 3 y
47 19 1 3 y
47 21 1 3 y
47 23 1 3 y
47 25 1 3 y
47 27 1 3 y
47 29 1 3 y
47 31 1 3 y
47 33 1 3 y
47 35 1 3 y
47 37 1 3 y
47 39 1 3 y
47 41 1 3 y
47 43 1 3 y
47 45 1 3 y
47 47 1 3 y
47 49 1 3 y
47 51 1 3 b
47 53 1 3 b
47 55 1 3 b
47 57 1 3 b
47 59 1 3 b
47 61 1 3 b
47 63 1 3 b
47 65 1 3 b
47 67 1 3 b
47 69 1 3 b
47 71 1 3 b
47 73 1 3 b
47 75 1 3 b
47 77 1 3 b
47 79 1 3 b
47 81 1 3 b
47 83 1 3 b
47 85 1 3 b
47 87 1 3 b
47 89 1 3 b
47 91 1 3 b
47 93 1 3 b
47 95 1 3 b
47 97 1 3 b
47 99 1 3 b
49 1 1 3 y
49 3 1 3 y
49 5 1 3 y
49 7 1 3 y
49 9 1 3 y
49 11 1 3 y
49 13 1 3 y
49 15 1 3 y
49 17 1 3 y
49 19 1 3 y
49 21 1 3 y
49 23 1 3 y
49 25 1 3 y
49 27 1 3 y
49 29 1 3 y
49 31 1 3 y
49 33 1 3 y
49 35 1 3 y
49 37 1 3 y
49 39 1 3 y
49 41 1 3 y
49 43 1 3 y
49 45 1 3 y
49 47 1 3 y
49 49 1 3 y
49 51 1 3 b
49 53 1 3 b
49 55 1 3 b
49 57 1 3 b
49 59 1 3 b
49 61 1 3 b
49 63 1 3 b
49 65 1 3 b
49 67 1 3 b
49 69 1 3 b
49 71 1 3 b
49 73 1 3 b
49 75 1 3 b
49 77 1 3 b
49 79 1 3 b
49 81 1 3 b
49 83 1 3 b
49 85 1 3 b
49 87 1 3 b
49 89 1 3 b
49 91 1 3 b
49 93 1 3 b
49 95 1 3 b
49 97 1 3 b
49 99 1 3 b
51 1 1 3 y
51 3 1 3 y
51 5 1 3 y
51 7 1 3 y
51 9 1 3 y
51 11 1 3 y
51 13 1 3 y
51 15 1 3 y
51 17 1 3 y
51 19 1 3 y
51 21 1 3 y
51 23 1 3 y
51 25 1 3 y
51 27 1 3 y
51 29 1 3 y
51 31 1 3 y
51 33 1 3 y
51 35 1 3 y
51 37 1 3 y
51 39 1 3 y
51 41 1 3 y
51 43 1 3 y
51 45 1 3 y
51 47 1 3 y
51 49 1 3 y
51 51 1 3 b
51 53 1 3 b
51 55 1 3 b
51 57 1 3 b
51 59 1 3 b
51 61 1 3 b
51 63 1 3 b
51 65 1 3 b
51 67 1 3 b
51 69 1 3 b
51 71 1 3 b
51 73 1 3 b
51 75 1 3 b
51 77 1 3 b
51 79 1 3 b
51 81 1 3 b
51 83 1 3 b
51 85 1 3 b
51 87 1 3 b
51 89 1 3 b
51 91 1 3 b
51 93 1 3 b
51 95 1 3 b
51 97 1 3 b
51 99 1 3 b
53 1 1 3 y
53 3 1 3 y
53 5 1 3 y
53 7 1 3 y
53 9 1 3 y
53 11 1 3 y
53 13 1 3 y
53 15 1 3 y
53 17 1 3 y
53 19 1 3 y
53 21 1 3 y
53 23 1 3 y
53 25 1 3 y
53 27 1 3 y
53 29 1 3 y
53 31 1 3 y
53 33 1 3 y
53 35 1 3 y
53 37 1 3 y
53 39 1 3 y
53 41 1 3 y
53 43 1 3 y
53 45 1 3 y
53 47 1 3 y
53 49 1 3 y
53 51 1 3 b
53 53 1 3 b
53 55 1 3 b
53 57 1 3 b
53 59 1 3 b
53 61 1 3 b
53 63 1 3 b
53 65 1 3 b
53 67 1 3 b
53 69 1 3 b
53 71 1 3 b
53 73 1 3 b
53 75 1 3 b
53 77 1 3 b
53 79 1 3 b
53 81 1 3 b
53 83 1 3 b
53 85 1 3 b
53 87 1 3 b
53 89 1 3 b
53 91 1 3 b
53 93 1 3 b
53 95 1 3 b
53 97 1 3 b
53 99 1 3 b
55 1 1 3 y
55 3 1 3 y
55 5 1 3 y
55 7 1 3 y
55 9 1 3 y
55 11 1 3 y
55 13 1 3 y
55 15 1 3 y
55 17 1 3 y
55 19 1 3 y
55 21 1 3 y
55 23 1 3 y
55 25 1 3 y
55 27 1 3 y
55 29 1 3 y
55 31 1 3 y
55 33 1 3 y
55 35 1 3 y
55 37 1 3 y
55 39 1 3 y
55 41 1 3 y
55 43 1 3 y
55 45 1 3 y
55 47 1 3 y
55 49 1 3 y
55 51 1 3 b
55 53 1 3 b
55 55 1 3 b
55 57 1 3 b
55 59 1 3 b
55 61 1 3 b
55 63 1 3 b
55 65 1 3 b
55 67 1 3 b
55 69 1 3 b
55 71 1 3 b
55 73 1 3 b
55 75 1 3 b
55 77 1 3 b
55 79 1 3 b
55 81 1 3 b
55 83 1 3 b
55 85 1 3 b
55 87 1 3 b
55 89 1 3 b
55 91 1 3 b
55 93 1 3 b
55 95 1 3 b
55 97 1 3 b
55 99 1 3 b
57 1 1 3 y
57 3 1 3 y
57 5 1 3 y
57 7 1 3 y
57 9 1 3 y
57 11 1 3 y
57 13 1 3 y
57 15 1 3 y
57 17 1 3 y
57 19 1 3 y
57 21 1 3 y
57 23 1 3 y
57 25 1 3 y
57 27 1 3 y
57 29 1 3 y
57 31 1 3 y
57 33 1 3 y
57 35 1 3 y
57 37 1 3 y
57 39 1 3 y
57 41 1 3 y
57 43 1 3 y
57 45 1 3 y
57 47 1 3 y
57 49 1 3 y
57 51 1 3 b
57 53 1 3 b
57 55 1 3 b
57 57 1 3 b
57 59 1 3 b
57 61 1 3 b
57 63 1 3 b
57 65 1 3 b
57 67 1 3 b
57 69 1 3 b
57 71 1 3 b
57 73 1 3 b
57 75 1 3 b
57 77 1 3 b
57 79 1 3 b
57 81 1 3 b
57 83 1 3 b
57 85 1 3 b
57 87 1 3 b
57 89 1 3 b
57 91 1 3 b
57 93 1 3 b
57 95 1 3 b
57 97 1 3 b
57 99 1 3 b
59 1 1 3 y
59 3 1 3 y
59 5 1 3 y
59 7 1 3 y
59 9 1 3 y
59 11 1 3 y
59 13 1 3 y
59 15 1 3 y
59 17 1 3 y
59 19 1 3 y
59 21 1 3 y
59 23 1 3 y
59 25 1 3 y
59 27 1 3 y
59 29 1 3 y
59 31 1 3 y
59 33 1 3 y
59 35 1 3 y
59 37 1 3 y
59 39 1 3 y
59 41 1 3 y
59 43 1 3 y
59 45 1 3 y
59 47 1 3 y
59 49 1 3 y
59 51 1 3 b
59 53 1 3 b
59 55 1 3 b
59 57 1 3 b
59 59 1 3 b
59 61 1 3 b
59 63 1 3 b
59 65 1 3 b
59 67 1 3 b
59 69 1 3 b
59 71 1 3 b
59 73 1 3 b
59 75 1 3 b
59 77 1 3 b
59 79 1 3 b
59 81 1 3 b
59 83 1 3 b
59 85 1 3 b
59 87 1 3 b
59 89 1 3 b
59 91 1 3 b
59 93 1 3 b
59 95 1 3 b
59 97 1 3 b
59 99 1 3 b
61 1 1 3 y
61 3 1 3 y
61 5 1 3 y
61 7 1 3 y
61 9 1 3 y
61 11 1 3 y
61 13 1 3 y
61 15 1 3 y
61 17 1 3 y
61 19 1 3 y
61 21 1 3 y
61 23 1 3 y
61 25 1 3 y
61 27 1 3 y
61 29 1 3 y
61 31 1 3 y
61 33 1 3 y
61 35 1 3 y
61 37 1 3 y
61 39 1 3 y
61 41 1 3 y
61 43 1 3 y
61 45 1 3 y
61 47 1 3 y
61 49 1 3 y
61 51 1 3 b
61 53 1 3 b
61 55 1 3 b
61 57 1 3 b
61 59 1 3 b
61 61 1 3 b
61 63 1 3 b
61 65 1 3 b
61 67 1 3 b
61 69 1 3 b
61 71 1 3 b
61 73 1 3 b
61 75 1 3 b
61 77 1 3 b
61 79 1 3 b
61 81 1 3 b
61 83 1 3 b
61 85 1 3 b
61 87 1 3 b
61 89 1 3 b
61 91 1 3 b
61 93 1 3 b
61 95 1 3 b
61 97 1 3 b
61 99 1 3 b
63 1 1 3 y
63 3 1 3 y
63 5 1 3 y
63 7 1 3 y
63 9 1 3 y
63 11 1 3 y
63 13 1 3 y
63 15 1 3 y
63 17 1 3 y
63 19 1 3 y
63 21 1 3 y
63 23 1 3 y
63 25 1 3 y
63 27 1 3 y
63 29 1 3 y
63 31 1 3 y
63 33 1 3 y
63 35 1 3 y
63 37 1 3 y
63 39 1 3 y
63 41 1 3 y
63 43 1 3 y
63 45 1 3 y
63 47 1 3 y
63 49 1 3 y
63 51 1 3 b
63 53 1 3 b
63 55 1 3 b
63 57 1 3 b
63 59 1 3 b
63 61 1 3 b
63 63 1 3 b
63 65 1 3 b
63 67 1 3 b
63 69 1 3 b
63 71 1 3 b
63 73 1 3 b
63 75 1 3 b
63 77 1 3 b
63 79 1 3 b
63 81 1 3 b
63 83 1 3 b
63 85 1 3 b
63 87 1 3 b
63 89 1 3 b
63 91 1 3 b
63 93 1 3 b
63 95 1 3 b
63 97 1 3 b
63 99 1 3 b
65 1 1 3 y
65 3 1 3 y
65 5 1 3 y
65 7 1 3 y
65 9 1 3 y
65 11 1 3 y
65 13 1 3 y
65 15 1 3 y
65 17 1 3 y
65 19 1 3 y
65 21 1 3 y
65 23 1 3 y
65 25 1 3 y
65 27 1 3 y
65 29 1 3 y
65 31 1 3 y
65 33 1 3 y
65 35 1 3 y
65 37 1 3 y
65 39 1 3 y
65 41 1 3 y
65 43 1 3 y
65 45 1 3 y
65 47 1 3 y
65 49 1 3 y
65 51 1 3 b
65 53 1 3 b
65 55 1 3 b
65 57 1 3 b
65 59 1 3 b
65 61 1 3 b
65 63 1 3 b
65 65 1 3 b
65 67 1 3 b
65 69 1 3 b
65 71 1 3 b
65 73 1 3 b
65 75 1 3 b
65 77 1 3 b
65 79 1 3 b
65 81 1 3 b
65 83 1 3 b
65 85 1 3 b
65 87 1 3 b
65 89 1 3 b
65 91 1 3 b
65 93 1 3 b
65 95 1 3 b
65 97 1 3 b
65 99 1 3 b
67 1 1 3 y
67 3 1 3 y
67 5 1 3 y
67 7 1 3 y
67 9 1 3 y
67 11 1 3 y
67 13 1 3 y
67 15 1 3 y
67 17 1 3 y
67 19 1 3 y
67 21 1 3 y
67 23 1 3 y
67 25 1 3 y
67 27 1 3 y
67 29 1 3 y
67 31 1 3 y
67 33 1 3 y
67 35 1 3 y
67 37 1 3 y
67 39 1 3 y
67 41 1 3 y
67 43 1 3 y
67 45 1 3 y
67 47 1 3 y
67 49 1 3 y
67 51 1 3 b
67 53 1 3 b
67 55 1 3 b
67 57 1 3 b
67 59 1 3 b
67 61 1 3 b
67 63 1 3 b
67 65 1 3 b
67 67 1 3 b
67 69 1 3 b
67 71 1 3 b
67 73 1 3 b
67 75 1 3 b
67 77 1 3 b
67 79 1 3 b
67 81 1 3 b
67 83 1 3 b
67 85 1 3 b
67 87 1 3 b
67 89 1 3 b
67 91 1 3 b
67 93 1 3 b
67 95 1 3 b
67 97 1 3 b
67 99 1 3 b
69 1 1 3 y
69 3 1 3 y
69 5 1 3 y
69 7 1 3 y
69 9 1 3 y
69 11 1 3 y
69 13 1 3 y
69 15 1 3 y
69 17 1 3 y
69 19 1 3 y
69 21 1 3 y
69 23 1 3 y
69 25 1 3 y
69 27 1 3 y
69 29 1 3 y
69 31 1 3 y
69 33 1 3 y
69 35 1 3 y
69 37 1 3 y
69 39 1 3 y
69 41 1 3 y
69 43 1 3 y
69 45 1 3 y
69 47 1 3 y
69 49 1 3 y
69 51 1 3 b
69 53 1 3 b
69 55 1 3 b
69 57 1 3 b
69 59 1 3 b
69 61 1 3 b
69 63 1 3 b
69 65 1 3 b
69 67 1 3 b
69 69 1 3 b
69 71 1 3 b
69 73 1 3 b
69 75 1 3 b
69 77 1 3 b
69 79 1 3 b
69 81 1 3 b
69 83 1 3 b
69 85 1 3 b
69 87 1 3 b
69 89 1 3 b
69 91 1 3 b
69 93 1 3 b
69 95 1 3 b
69 97 1 3 b
69 99 1 3 b
71 1 1 3 y
71 3 1 3 y
71 5 1 3 y
71 7 1 3 y
71 9 1 3 y
71 11 1 3 y
71 13 1 3 y
71 15 1 3 y
71 17 1 3 y
71 19 1 3 y
71 21 1 3 y
71 23 1 3 y
71 25 1 3 y
71 27 1 3 y
71 29 1 3 y
71 31 1 3 y
71 33 1 3 y
71 35 1 3 y
71 37 1 3 y
71 39 1 3 y
71 41 1 3 y
71 43 1 3 y
71 45 1 3 y
71 47 1 3 y
71 49 1 3 y
71 51 1 3 b
71 53 1 3 b
71 55 1 3 b
71 57 1 3 b
71 59 1 3 b
71 61 1 3 b
71 63 1 3 b
71 65 1 3 b
71 67 1 3 b
71 69 1 3 b
71 71 1 3 b
71 73 1 3 b
71 75 1 3 b
71 77 1 3 b
71 79 1 3 b
71 81 1 3 b
71 83 1 3 b
71 85 1 3 b
71 87 1 3 b
71 89 1 3 b
71 91 1 3 b
71 93 1 3 b
71 95 1 3 b
71 97 1 3 b
71 99 1 3 b
73 1 1 3 y
73 3 1 3 y
73 5 1 3 y
73 7 1 3 y
73 9 1 3 y
73 11 1 3 y
73 13 1 3 y
73 15 1 3 y
73 17 1 3 y
73 19 1 3 y
73 21 1 3 y
73 23 1 3 y
73 25 1 3 y
73 27 1 3 y
73 29 1 3 y
73 31 1 3 y
73 33 1 3 y
73 35 1 3 y
73 37 1 3 y
73 39 1 3 y
73 41 1 3 y
73 43 1 3 y
73 45 1 3 y
73 47 1 3 y
73 49 1 3 y
73 51 1 3 b
73 53 1 3 b
73 55 1 3 b
73 57 1 3 b
73 59 1 3 b
73 61 1 3 b
73 63 1 3 b
73 65 1 3 b
73 67 1 3 b
73 69 1 3 b
73 71 1 3 b
73 73 1 3 b
73 75 1 3 b
73 77 1 3 b
73 79 1 3 b
73 81 1 3 b
73 83 1 3 b
73 85 1 3 b
73 87 1 3 b
73 89 1 3 b
73 91 1 3 b
73 93 1 3 b
73 95 1 3 b
73 97 1 3 b
73 99 1 3 b
75 1 1 3 y
75 3 1 3 y
75 5 1 3 y
75 7 1 3 y
75 9 1 3 y
75 11 1 3 y
75 13 1 3 y
75 15 1 3 y
75 17 1 3 y
75 19 1 3 y
75 21 1 3 y
75 23 1 3 y
75 25 1 3 y
75 27 1 3 y
75 29 1 3 y
75 31 1 3 y
75 33 1 3 y
75 35 1 3 y
75 37 1 3 y
75 39 1 3 y
75 41 1 3 y
75 43 1 3 y
75 45 1 3 y
75 47 1 3 y
75 49 1 3 y
75 51 1 3 b
75 53 1 3 b
75 55 1 3 b
75 57 1 3 b
75 59 1 3 b
75 61 1 3 b
75 63 1 3 b
75 65 1 3 b
75 67 1 3 b
75 69 1 3 b
75 71 1 3 b
75 73 1 3 b
75 75 1 3 b
75 77 1 3 b
75 79 1 3 b
75 81 1 3 b
75 83 1 3 b
75 85 1 3 b
75 87 1 3 b
75 89 1 3 b
75 91 1 3 b
75 93 1 3 b
75 95 1 3 b
75 97 1 3 b
75 99 1 3 b
77 1 1 3 y
77 3 1 3 y
77 5 1 3 y
77 7 1 3 y
77 9 1 3 y
77 11 1 3 y
77 13 1 3 y
77 15 1 3 y
77 17 1 3 y
77 19 1 3 y
77 21 1 3 y
77 23 1 3 y
77 25 1 3 y
77 27 1 3 y
77 29 1 3 y
77 31 1 3 y
77 33 1 3 y
77 35 1 3 y
77 37 1 3 y
77 39 1 3 y
77 41 1 3 y
77 43 1 3 y
77 45 1 3 y
77 47 1 3 y
77 49 1 3 y
77 51 1 3 b
77 53 1 3 b
77 55 1 3 b
77 57 1 3 b
77 59 1 3 b
77 61 1 3 b
77 63 1 3 b
77 65 1 3 b
77 67 1 3 b
77 69 1 3 b
77 71 1 3 b
77 73 1 3 b
77 75 1 3 b
77 77 1 3 b
77 79 1 3 b
77 81 1 3 b
77 83 1 3 b
77 85 1 3 b
77 87 1 3 b
77 89 1 3 b
77 91 1 3 b
77 93 1 3 b
77 95 1 3 b
77 97 1 3 b
77 99 1 3 b
79 1 1 3 y
79 3 1 3 y
79 5 1 3 y
79 7 1 3 y
79 9 1 3 y
79 11 1 3 y
79 13 1 3 y
79 15 1 3 y
79 17 1 3 y
79 19 1 3 y
79 21 1 3 y
79 23 1 3 y
79 25 1 3 y
79 27 1 3 y
79 29 1 3 y
79 31 1 3 y
79 33 1 3 y
79 35 1 3 y
79 37 1 3 y
79 39 1 3 y
79 41 1 3 y
79 43 1 3 y
79 45 1 3 y
79 47 1 3 y
79 49 1 3 y
79 51 1 3 b
79 53 1 3 b
79 55 1 3 b
79 57 1 3 b
79 59 1 3 b
79 61 1 3 b
79 63 1 3 b
79 65 1 3 b
79 67 1 3 b
79 69 1 3 b
79 71 1 3 b
79 73 1 3 b
79 75 1 3 b
79 77 1 3 b
79 79 1 3 b
79 81 1 3 b
79 83 1 3 b
79 85 1 3 b
79 87 1 3 b
79 89 1 3 b
79 91 1 3 b
79 93 1 3 b
79 95 1 3 b
79 97 1 3 b
79 99 1 3 b
500
0.0 702
0.044963670098230324 632
0.3258857143884686 997
0.3375159006820394 286
0.38842262207841594 999
0.5098067487438185 1457
0.5607664997901052 565
0.9344903629027401 1802
1.0 158
1.0296033776791336 1461
1.129307776726518 1648
1.1436884761646282 1034
1.2720010561473538 308
1.384138689769554 417
1.3850325297367017 25
1.52218872671942 999
1.6048464011215846 1346
1.6666207888223095 1217
1.7199266206660957 846
1.872563557268364 218
1.961722429857865 378
2.0 13
2.1161499432054587 1268
2.4361829080745077 465
2.711294025115718 278
2.7747130980362247 29
2.871228721474961 1684
2.9527396129879535 52
3.0 1610
3.0890596447130934 1032
3.133728138947883 907
3.1354192014873106 196
3.2479053708607153 583
3.3107216943094766 1344
3.458039856141765 1050
3.4750159070675357 732
3.5083902394654585 1808
3.767316000119897 38
3.7706796642220484 1036
3.8212479077333272 588
3.8257207631508363 933
3.948802827841064 1942
4.0 1013
4.1592039224895405 1876
4.268586325579826 860
4.401622544196238 1360
4.50445707352598 454
4.511735179495813 359
4.904809080910661 1174
5.0 1880
5.017652741469803 37
5.200897642959062 1271
5.205425143374126 1441
5.355843153819956 1924
5.457707247995069 1279
5.55795780873628 1773
5.642425781423743 142
5.92152167851816 860
6.0 1269
6.002312697913964 1417
6.1557783808017295 795
6.161326634609621 290
6.26163285660668 1058
6.368903847773782 1687
6.4434121267330005 977
6.664230749288364 1988
6.7288218221750125 1820
7.0 658
7.364976799262074 144
7.466893176628952 1674
7.496314185544578 337
7.555930676699946 1567
7.916550532487577 660
8.0 120
8.234015945955347 1416
8.430800712152731 617
8.696669403378838 1120
8.818719182798308 1426
8.955755562169582 756
8.996263778297031 1039
9.0 1187
9.124986372412375 1180
9.270931032656776 1561
9.318967447317261 1401
9.407694568117087 1757
9.493666549456565 1866
9.503366905216321 247
9.557765273687767 483
9.72281944341038 1849
9.88129383216676 1844
10.0 1781
10.014604803809968 1651
10.021363137844041 1431
10.120913128367015 94
10.175314739207163 1820
10.380319639142838 543
10.45002044851196 1807
10.484138272318244 127
10.547449313517026 1376
10.553919209787932 1778
10.991426772783285 1182
10.999111945350842 1588
11.0 963
11.018360597761678 1934
11.069016946946903 387
11.072050056908822 936
11.351779248905641 1042
11.383681503402897 116
11.530060622436345 572
11.677557240472597 722
11.804130840136311 1146
11.816292082857693 589
11.874624436173498 104
11.880464030771071 1540
11.975571786811406 1401
11.978973652550895 437
11.995590437184035 973
12.0 645
12.194843864246375 1498
12.212659957723204 959
12.4463632883843 1306
12.453315785283625 681
12.555205077689974 357
12.582790809731097 1623
13.0 1175
13.02773615744297 1335
13.155981811235002 1551
13.157722752187873 1159
13.191714740115835 202
13.496610612542515 543
13.503662695506918 144
13.50574694871055 1364
13.514214507153117 987
13.560045916179469 1067
13.591600642660422 411
13.601469715673337 988
13.65512621952698 1082
13.868330267556356 1062
13.874968925102705 1443
13.87933899465671 1454
13.89517494827569 223
13.943459663520574 1229
13.961626433199836 1068
14.0 335
14.049380112567306 153
14.158527908431513 1445
14.164657467987768 620
14.367975583190256 1254
14.392526557005048 826
14.487890354824629 109
14.53243897962831 968
14.651391121380442 79
14.728881124236072 548
14.914135851988874 656
15.0 1284
15.233226775896796 794
15.238291186586672 719
15.35232990040251 1816
15.42850817699611 923
15.796805873899538 90
15.961091073607541 297
16.0 1685
16.13222532358629 1868
16.263155576513906 469
16.466538435615785 1080
16.47559540725638 319
16.51490761492881 1087
16.651389222249552 1347
16.75688223610143 722
16.786705865117852 1756
16.843573019560054 622
16.9090563588856 562
17.0 673
17.09315534728041 1905
17.140635960113652 595
17.549413228763548 848
17.564651693738575 646
17.5967868008142 943
17.64880613239334 443
17.79680064318202 390
17.9003403046956 1160
18.0 141
18.080446788580396 1910
18.109759031712358 825
18.14774973550594 930
18.163969832036653 320
18.367483604462286 1962
18.372466756429382 667
18.744351126378568 647
18.917455269355578 425
19.0 565
19.154219810804822 1543
19.182773593632906 839
19.19151622273276 186
19.251903709513986 1175
19.44522671112904 577
19.590501627727697 1913
19.62758741045385 550
19.72536962577583 687
19.75306866483496 1665
19.788921922877666 520
19.86885969909974 566
20.0 226
20.015923252809216 1193
20.045014420834796 1129
20.085279172222304 964
20.33151327742762 1108
20.404304122618232 921
20.451157752131 526
20.61131419872803 1794
20.652812511347147 1260
20.86132033814545 1143
20.99791122453723 1212
21.0 1834
21.224500684677526 398
21.272538446805868 565
21.281475938106265 695
21.299511960220226 694
21.43103357890513 309
21.469388447907345 201
21.51774866687625 1659
21.580392684848693 645
21.6985814425377 827
21.738690140656868 1748
21.88753951864288 432
21.979094285914897 287
21.9920897279454 1129
22.0 378
22.08921222787023 987
22.20786317223851 929
22.20973768814092 1165
22.43569102675041 308
22.59312203429503 1557
22.74991117232067 1138
22.756606976431858 1052
22.86319455610838 411
22.905304644255125 114
23.0 1872
23.000490514383742 996
23.01879634002637 317
23.037887659527385 1393
23.193573349515624 1509
23.346252416569975 900
23.34835246270484 41
23.643786130407474 1930
23.780477912870595 852
23.889016204506397 411
24.0 1130
24.19683883181507 1749
24.221381300240907 1378
24.473838940278746 1176
24.606662359044012 1034
24.700235822338417 1479
24.77789106301089 916
24.948861692862707 1966
25.0 853
25.07762505518809 1549
25.14200579007701 1248
25.39109301849396 13
25.421266831874632 404
25.537083539157575 1479
25.59293502806983 404
25.635400746461944 817
25.686536530743247 996
25.709382735351795 39
25.73690669297177 972
25.957089487271677 392
26.0 813
26.032559226529077 1942
26.250832089365833 265
26.281147226567686 754
26.518902912994786 1882
26.571844767577545 1624
26.79708623293482 1687
27.0 1342
27.06428192914875 245
27.13496599331076 1762
27.177983914160077 1688
27.1935962489281 272
27.321368410032193 1219
27.52660766605888 1876
27.536936270963867 1205
27.566941651171728 1443
27.734257592085743 150
27.867482965794004 1254
27.976708825471803 562
27.985652634150643 44
28.0 1116
28.167896663588145 1102
28.46415256587812 670
28.487201399859437 1704
28.495044354528876 529
28.712447912430445 1216
29.0 1860
29.05793720420309 153
29.120209956592667 1571
29.341320775801716 1996
29.352316138685307 854
29.381872265325825 1953
29.603443804116676 1467
29.70389529089666 1732
29.71808773006962 454
29.748096345327678 1283
29.802256841091886 154
29.91127572342866 1364
29.9154633089789 1121
29.95989379499934 1830
30.0 367
30.130626053998437 61
30.272146687840877 1344
30.601115809552848 1624
30.87873148209213 1527
30.957585365973316 1133
31.0 1283
31.109362665649424 1785
31.129569468901046 1364
31.434191892467204 407
31.508572369745853 1566
31.622938361995274 359
31.71711518103854 204
31.97110548752754 366
31.984676415082742 1433
32.0 1519
32.07014873697857 1445
32.075765072066424 418
32.07800908866841 840
32.12454001749811 600
32.32100445253584 1543
32.37369041012996 1395
32.65201511831496 479
32.689933881797664 264
32.77248856127363 650
33.0 439
33.01526014190782 1897
33.079323099953314 1809
33.131363032539625 1249
33.23661000824492 1931
33.323208218925416 1059
33.435905231544446 1991
34.0 1662
34.02258088082536 1846
34.08789604424235 801
34.219628141072995 1153
34.26464078309072 193
34.33309895988726 1214
34.393408937545225 684
34.408407913262856 830
34.428772317242256 811
34.46794067107316 220
34.594323467106214 1987
34.681085885856476 382
34.82139838298167 843
34.871889461640045 1288
34.963263289247045 744
35.0 1176
35.22456003649842 822
35.37759976228 1636
35.49123441722368 65
35.49603646634114 776
35.54617688274284 1387
35.62097066562478 1807
35.67088602809601 1152
35.73698625724183 1751
36.0 449
36.009998602764824 1946
36.08798966562215 761
36.12144468896182 372
36.17635678032304 1503
36.43399865904216 995
36.48730448682819 1018
36.52618390895279 782
36.65258301286438 815
36.65667705261883 212
36.85764650192307 1815
36.8955212468038 1634
37.0 947
37.34266289957846 1977
38.0 1354
38.01692635562772 364
38.242757901604776 309
38.84245153589521 1169
38.855875285387086 157
38.8695947025013 927
38.9363739106751 726
39.0 1971
39.10741042297636 1304
39.15993039432953 775
39.24036374222294 462
39.25352687779424 1856
39.399769729318706 196
39.60659996181153 515
39.61769771281655 1829
39.726843621853575 1887
39.85961828506897 1230
39.979753181189885 420
40.0 669
40.087650747293644 67
40.57421037492653 1833
40.68378434865175 543
40.74118408036068 162
40.88022924134605 1242
41.0 1675
41.071696412018035 1831
41.073101816704295 1949
41.63189266664982 1198
42.0 1532
42.077347259056864 1970
42.11141779071757 1059
42.19887737135157 326
42.246333820153474 190
42.26813330882317 1337
42.3501145338745 1536
42.386481817339714 687
42.54615058888258 1014
42.547050502523334 588
42.61412094124645 544
42.787948707422466 408
42.8292535641443 734
42.88211216123881 1160
43.0 1397
43.00175605060586 1027
43.014353656083 828
43.049279387353785 834
43.16570643658918 1790
43.22779259261542 1414
43.295529190479776 137
43.66219422195981 1557
43.8041175925841 1955
43.85930256903946 1334
43.89717832842179 483
43.9730724828754 740
44.0 230
44.02095957776422 895
44.05102399684427 1519
44.102606061569524 565
44.507817573030316 282
44.626889233913886 35
44.73751559066487 574
44.8207939171222 1977
44.989200428723855 1083
45.0 1390
45.09392486188085 755
45.17821849042639 273
45.24099356836358 910
45.29498840659027 466
45.33916289945076 389
45.433350561303826 408
45.47282839975569 971
45.519123023559665 1282
45.5314941692043 1716
45.568331777693764 998
45.57227118656571 1260
45.78482604234381 1823
45.79937704585553 791
45.85576268389836 666
45.95842652131531 972
46.0 1047
46.22685247517156 437
46.31601454652057 1646
46.50898287374235 647
46.71545253490018 219
46.7241582493801 1939
46.82631833563695 1704
46.927767153989116 142
46.977562806014426 636
47.0 1232
47.0444659392902 1066
47.1248232816572 267
47.31547082672425 119
47.340446382830095 1329
47.35377934189886 925
47.57781366015245 1791
47.82977297186874 1120
47.9962846672786 1573
48.0 1472
48.050500033914396 1717
48.13124774146113 444
48.188613949735895 1273
48.287479240387796 1887
48.305505721907295 806
48.355856009398146 234
48.465360511652136 1953
48.49618400080423 129
48.592448748244976 79
48.60760297378511 1973
48.66915210365072 1222
48.67673543429703 277
48.69939166841657 63
48.72087650845905 1660
48.85471816693332 1335
48.87904910983414 500
48.880447780106394 330
48.88481928456871 837
49.0 333
49.01749026422222 1811
49.31355863613263 313
49.58232341481294 151
49.65098347365187 539
49.756592105027394 1879
49.910186434754415 376
