325 410
730
75.0 161.0 2.5 20.0 r
119.0 301.0 1.5 140.0 y
2.0 148.0 2.0 160.0 g
288.0 142.0 3.5 140.0 g
148.0 68.0 2.0 120.0 y
153.0 310.0 3.0 20.0 b
128.0 151.0 2.5 100.0 y
174.0 234.0 0.5 80.0 r
52.0 145.0 1.5 40.0 y
319.0 146.0 3.5 100.0 y
205.0 25.0 2.0 180.0 y
214.0 397.0 0.5 140.0 r
66.0 153.0 3.0 60.0 g
142.0 24.0 2.0 100.0 b
245.0 161.0 3.5 200.0 y
72.0 284.0 2.0 180.0 y
28.0 247.0 2.0 200.0 g
308.0 74.0 5.0 120.0 r
225.0 144.0 0.5 60.0 b
129.0 285.0 5.5 20.0 b
244.0 369.0 0.5 80.0 y
159.0 225.0 5.0 200.0 b
179.0 259.0 2.0 160.0 r
123.0 267.0 2.5 160.0 r
313.0 187.0 1.5 120.0 g
271.0 259.0 3.5 220.0 g
230.0 322.0 1.0 140.0 r
149.0 197.0 1.5 200.0 b
256.0 290.0 5.0 20.0 y
24.0 125.0 5.5 160.0 g
190.0 36.0 4.5 140.0 b
58.0 210.0 0.5 120.0 r
41.0 77.0 2.5 80.0 g
92.0 379.0 5.5 140.0 y
147.0 358.0 5.0 220.0 y
139.0 402.0 3.0 100.0 y
116.0 348.0 0.5 20.0 g
298.0 67.0 2.5 40.0 g
182.0 149.0 1.0 120.0 b
5.0 402.0 5.0 20.0 r
97.0 295.0 2.5 20.0 g
210.0 9.0 3.5 160.0 y
22.0 292.0 4.5 20.0 y
301.0 26.0 1.0 40.0 b
100.0 316.0 3.5 100.0 b
151.0 76.0 2.0 180.0 r
311.0 220.0 4.5 60.0 y
61.0 118.0 4.0 20.0 y
193.0 164.0 4.0 20.0 r
142.0 78.0 1.0 120.0 b
63.0 300.0 1.5 60.0 g
36.0 33.0 5.5 180.0 b
152.0 25.0 5.5 80.0 y
314.0 322.0 3.5 140.0 y
103.0 331.0 3.0 60.0 g
215.0 120.0 2.0 20.0 g
250.0 347.0 0.5 120.0 g
97.0 178.0 4.0 80.0 y
318.0 289.0 2.5 120.0 b
299.0 177.0 2.0 180.0 b
196.0 228.0 2.0 220.0 b
64.0 16.0 4.0 220.0 y
152.0 88.0 3.0 140.0 y
38.0 120.0 2.5 140.0 b
228.0 10.0 5.0 100.0 y
55.0 388.0 2.5 80.0 g
42.0 272.0 1.5 20.0 y
174.0 173.0 4.0 80.0 r
133.0 267.0 4.0 180.0 g
146.0 89.0 0.5 220.0 y
54.0 31.0 4.5 220.0 y
227.0 73.0 4.5 220.0 r
157.0 345.0 2.5 140.0 b
24.0 132.0 0.5 100.0 b
95.0 27.0 1.0 100.0 r
140.0 276.0 1.0 220.0 b
274.0 233.0 3.5 200.0 y
44.0 18.0 2.0 60.0 b
121.0 49.0 5.0 40.0 b
80.0 16.0 3.5 220.0 b
198.0 9.0 4.5 60.0 b
232.0 274.0 3.0 80.0 y
90.0 130.0 2.5 40.0 y
213.0 71.0 2.5 140.0 g
186.0 26.0 5.5 140.0 y
89.0 226.0 4.5 200.0 b
219.0 26.0 2.5 100.0 r
251.0 225.0 5.5 80.0 r
223.0 379.0 2.0 100.0 g
252.0 171.0 4.5 100.0 b
192.0 347.0 2.0 220.0 r
51.0 329.0 5.5 100.0 g
105.0 126.0 0.5 60.0 r
71.0 304.0 3.0 20.0 b
131.0 75.0 1.0 200.0 r
154.0 379.0 5.5 80.0 g
139.0 31.0 1.5 20.0 g
296.0 165.0 3.0 160.0 b
172.0 369.0 1.5 20.0 r
161.0 187.0 4.5 100.0 r
220.0 127.0 2.5 80.0 y
103.0 393.0 1.0 120.0 b
74.0 167.0 2.5 100.0 g
293.0 319.0 5.0 40.0 b
35.0 191.0 2.0 120.0 g
8.0 120.0 5.0 200.0 g
135.0 214.0 3.0 140.0 r
154.0 200.0 2.0 40.0 y
225.0 59.0 5.5 220.0 g
27.0 342.0 4.0 20.0 r
64.0 201.0 3.0 140.0 r
240.0 86.0 2.5 60.0 y
266.0 28.0 4.0 140.0 r
150.0 227.0 0.5 20.0 g
125.0 245.0 2.0 220.0 y
92.0 44.0 5.0 40.0 y
37.0 53.0 5.5 140.0 b
53.0 169.0 0.5 120.0 r
85.0 157.0 3.5 220.0 b
111.0 31.0 2.5 200.0 y
149.0 400.0 3.0 100.0 b
133.0 17.0 1.0 100.0 b
312.0 240.0 4.0 140.0 r
20.0 219.0 3.0 60.0 y
171.0 328.0 4.5 200.0 r
10.0 8.0 2.0 220.0 r
178.0 219.0 2.5 120.0 b
9.0 18.0 3.5 180.0 b
215.0 319.0 1.0 120.0 y
250.0 373.0 1.0 220.0 g
43.0 227.0 5.5 120.0 r
141.0 138.0 4.0 220.0 r
120.0 339.0 1.5 100.0 r
235.0 269.0 0.5 140.0 y
120.0 109.0 3.0 40.0 y
276.0 249.0 1.0 160.0 r
2.0 115.0 1.0 160.0 g
275.0 151.0 5.0 20.0 b
88.0 218.0 3.0 20.0 r
81.0 151.0 1.0 180.0 y
306.0 404.0 4.5 140.0 y
91.0 185.0 0.5 200.0 b
42.0 181.0 3.5 220.0 g
9.0 87.0 0.5 100.0 b
312.0 359.0 0.5 40.0 r
6.0 135.0 5.0 160.0 b
58.0 51.0 5.0 120.0 r
69.0 369.0 1.5 220.0 y
117.0 80.0 2.5 120.0 g
180.0 226.0 2.5 200.0 y
233.0 370.0 3.5 140.0 y
205.0 111.0 1.5 220.0 r
115.0 113.0 0.5 180.0 y
240.0 346.0 5.5 220.0 b
138.0 155.0 3.5 140.0 b
182.0 332.0 5.5 100.0 r
314.0 249.0 2.5 40.0 r
212.0 320.0 0.5 140.0 y
108.0 261.0 5.0 100.0 y
34.0 368.0 2.5 40.0 g
249.0 21.0 3.0 60.0 g
246.0 66.0 0.5 180.0 b
136.0 43.0 1.0 180.0 y
122.0 353.0 3.0 120.0 b
188.0 56.0 3.5 220.0 b
15.0 325.0 2.5 220.0 b
34.0 124.0 3.0 200.0 g
214.0 356.0 5.5 20.0 g
182.0 239.0 2.0 140.0 b
86.0 194.0 4.0 80.0 r
228.0 252.0 5.0 180.0 g
209.0 40.0 4.5 120.0 r
80.0 228.0 1.5 120.0 g
97.0 275.0 3.0 40.0 y
45.0 66.0 3.5 140.0 r
251.0 398.0 3.5 20.0 r
90.0 238.0 3.5 220.0 y
280.0 31.0 1.0 180.0 g
303.0 396.0 4.0 140.0 r
68.0 293.0 2.0 20.0 y
149.0 7.0 0.5 80.0 b
265.0 343.0 5.5 140.0 b
178.0 403.0 4.0 100.0 g
231.0 23.0 1.5 140.0 r
287.0 343.0 0.5 160.0 g
302.0 226.0 1.5 100.0 g
13.0 298.0 1.0 100.0 r
272.0 205.0 2.0 20.0 y
239.0 362.0 3.0 160.0 y
99.0 201.0 5.0 160.0 b
147.0 32.0 2.5 220.0 b
134.0 330.0 3.5 140.0 b
33.0 79.0 5.0 100.0 g
33.0 307.0 2.0 200.0 r
216.0 192.0 3.0 40.0 r
226.0 88.0 5.0 140.0 b
175.0 57.0 2.0 120.0 r
124.0 124.0 5.5 160.0 r
144.0 176.0 3.5 20.0 r
217.0 369.0 5.0 100.0 b
316.0 266.0 3.5 80.0 g
133.0 190.0 5.5 40.0 r
80.0 66.0 2.0 80.0 y
222.0 344.0 5.0 80.0 b
246.0 198.0 1.5 160.0 y
166.0 379.0 2.5 20.0 r
29.0 256.0 1.0 80.0 b
289.0 165.0 1.5 220.0 r
129.0 102.0 4.5 100.0 g
101.0 9.0 1.0 100.0 r
30.0 310.0 1.5 40.0 r
282.0 207.0 2.0 60.0 b
194.0 183.0 3.5 40.0 b
281.0 194.0 5.0 60.0 y
203.0 149.0 2.5 200.0 g
31.0 331.0 4.5 100.0 b
25.0 328.0 2.0 180.0 g
124.0 166.0 1.0 40.0 y
78.0 92.0 2.5 220.0 b
273.0 321.0 3.5 120.0 b
74.0 375.0 3.0 220.0 r
291.0 30.0 3.5 180.0 y
15.0 397.0 3.0 160.0 b
102.0 195.0 1.0 200.0 r
296.0 301.0 1.5 200.0 y
112.0 62.0 0.5 160.0 y
27.0 189.0 2.0 220.0 r
125.0 170.0 2.0 160.0 b
315.0 39.0 1.5 60.0 y
207.0 168.0 4.0 220.0 r
46.0 402.0 2.0 60.0 g
40.0 8.0 2.0 40.0 r
92.0 145.0 2.5 140.0 g
199.0 108.0 1.0 180.0 b
21.0 247.0 0.5 200.0 r
264.0 41.0 4.5 120.0 r
205.0 349.0 1.0 220.0 b
249.0 143.0 3.5 40.0 r
305.0 126.0 2.0 20.0 y
103.0 365.0 2.0 180.0 b
49.0 200.0 2.0 180.0 r
204.0 237.0 2.0 200.0 g
288.0 397.0 4.0 180.0 b
158.0 40.0 3.5 120.0 y
14.0 82.0 1.5 220.0 r
106.0 385.0 3.0 80.0 y
139.0 368.0 5.5 140.0 g
243.0 190.0 1.0 120.0 g
169.0 207.0 0.5 100.0 g
121.0 397.0 5.5 60.0 b
142.0 8.0 1.5 200.0 r
161.0 76.0 3.5 160.0 b
43.0 250.0 4.0 120.0 r
95.0 124.0 4.0 20.0 r
321.0 390.0 1.0 160.0 g
11.0 362.0 1.5 180.0 y
127.0 10.0 1.5 120.0 g
81.0 278.0 2.0 100.0 r
192.0 87.0 4.5 220.0 r
282.0 266.0 3.5 120.0 y
35.0 105.0 3.0 40.0 r
258.0 138.0 3.5 220.0 b
7.0 30.0 5.0 140.0 b
143.0 35.0 1.5 160.0 b
321.0 206.0 1.0 80.0 g
59.0 237.0 2.5 220.0 y
157.0 250.0 3.0 100.0 r
275.0 225.0 0.5 40.0 b
103.0 139.0 1.0 180.0 y
235.0 110.0 1.0 40.0 g
243.0 354.0 3.0 20.0 y
112.0 17.0 3.0 140.0 b
310.0 135.0 5.5 80.0 b
239.0 125.0 3.0 120.0 y
239.0 19.0 2.5 20.0 y
104.0 70.0 4.0 120.0 y
321.0 67.0 2.5 80.0 r
164.0 283.0 5.5 120.0 y
243.0 235.0 2.0 60.0 b
166.0 72.0 1.5 100.0 r
166.0 112.0 5.5 120.0 b
243.0 110.0 2.0 120.0 r
176.0 21.0 2.0 80.0 g
6.0 391.0 2.5 80.0 b
20.0 283.0 1.0 160.0 r
88.0 393.0 2.0 100.0 g
183.0 169.0 2.5 160.0 g
193.0 312.0 4.0 60.0 y
119.0 381.0 2.0 200.0 g
260.0 242.0 1.0 40.0 g
79.0 331.0 1.5 40.0 b
286.0 23.0 2.5 80.0 b
37.0 137.0 1.0 200.0 g
283.0 103.0 4.5 140.0 y
63.0 391.0 1.0 140.0 b
262.0 85.0 1.5 200.0 r
217.0 235.0 3.0 120.0 y
177.0 79.0 4.5 140.0 y
255.0 390.0 2.0 20.0 r
30.0 43.0 2.0 120.0 g
54.0 189.0 5.5 20.0 b
62.0 133.0 1.0 200.0 r
300.0 236.0 2.0 160.0 y
295.0 208.0 4.0 160.0 r
140.0 295.0 4.5 100.0 b
275.0 109.0 5.0 180.0 g
183.0 160.0 2.5 40.0 b
284.0 328.0 4.5 180.0 b
64.0 58.0 4.0 120.0 y
7.0 161.0 3.5 40.0 g
184.0 2.0 1.5 220.0 b
80.0 240.0 5.5 40.0 b
20.0 327.0 1.5 140.0 r
61.0 109.0 0.5 200.0 r
102.0 249.0 5.0 100.0 y
12.0 22.0 0.5 200.0 r
67.0 350.0 5.5 180.0 g
30.0 184.0 0.5 80.0 r
274.0 399.0 1.5 40.0 r
129.0 251.0 2.0 100.0 b
204.0 197.0 5.0 220.0 y
103.0 290.0 2.5 160.0 b
147.0 167.0 5.5 100.0 g
284.0 289.0 1.0 140.0 b
251.0 68.0 2.5 160.0 r
313.0 112.0 4.5 120.0 r
79.0 213.0 1.5 60.0 b
249.0 308.0 1.0 100.0 b
295.0 268.0 5.5 200.0 r
18.0 204.0 2.5 180.0 b
273.0 218.0 3.0 220.0 y
227.0 158.0 3.0 40.0 b
160.0 213.0 5.0 100.0 g
45.0 201.0 1.0 20.0 r
306.0 175.0 4.5 140.0 g
105.0 116.0 5.0 20.0 b
151.0 100.0 1.0 80.0 g
101.0 355.0 1.5 40.0 r
19.0 342.0 2.5 20.0 g
50.0 357.0 2.5 80.0 y
75.0 395.0 4.5 200.0 r
63.0 180.0 2.0 100.0 r
36.0 314.0 2.0 200.0 y
303.0 292.0 5.5 100.0 g
7.0 50.0 1.0 100.0 r
317.0 31.0 2.5 140.0 y
247.0 292.0 2.0 40.0 b
292.0 106.0 2.5 60.0 g
117.0 251.0 5.0 60.0 b
205.0 212.0 3.5 40.0 y
56.0 108.0 1.5 100.0 r
285.0 251.0 4.5 20.0 r
60.0 40.0 5.5 20.0 y
191.0 367.0 3.5 60.0 b
282.0 341.0 3.5 140.0 r
166.0 397.0 1.0 160.0 g
320.0 300.0 1.0 140.0 g
158.0 405.0 4.0 60.0 r
174.0 64.0 2.0 120.0 y
10.0 288.0 1.0 160.0 b
196.0 340.0 2.5 200.0 g
79.0 49.0 1.5 140.0 y
178.0 114.0 1.5 180.0 y
213.0 177.0 3.5 60.0 g
294.0 182.0 1.0 220.0 y
175.0 39.0 4.5 100.0 y
13.0 191.0 4.0 40.0 g
302.0 105.0 2.5 40.0 g
45.0 118.0 1.0 100.0 b
253.0 323.0 2.5 100.0 g
113.0 172.0 4.5 140.0 r
270.0 128.0 4.5 220.0 b
280.0 281.0 5.0 20.0 b
188.0 230.0 3.0 180.0 g
28.0 200.0 5.5 120.0 b
129.0 91.0 1.5 100.0 g
220.0 332.0 4.0 20.0 b
245.0 300.0 2.5 80.0 r
311.0 299.0 3.0 180.0 g
44.0 141.0 1.0 140.0 b
236.0 26.0 1.5 220.0 b
105.0 301.0 2.0 220.0 g
117.0 145.0 4.5 180.0 y
198.0 145.0 1.5 40.0 r
80.0 45.0 1.5 20.0 b
131.0 58.0 1.5 20.0 y
155.0 240.0 1.0 80.0 y
158.0 292.0 0.5 220.0 g
276.0 382.0 2.5 20.0 b
293.0 254.0 0.5 140.0 b
228.0 152.0 3.0 60.0 b
311.0 94.0 4.0 40.0 r
284.0 72.0 5.5 200.0 y
110.0 43.0 2.0 60.0 y
77.0 362.0 4.5 140.0 r
304.0 53.0 3.0 60.0 g
153.0 56.0 0.5 60.0 g
133.0 401.0 2.0 20.0 b
142.0 349.0 2.5 120.0 g
171.0 141.0 1.0 100.0 b
10.0 245.0 3.5 140.0 g
265.0 224.0 3.0 20.0 g
289.0 236.0 2.0 40.0 b
119.0 63.0 2.5 20.0 g
312.0 377.0 4.0 160.0 b
196.0 251.0 1.0 220.0 y
176.0 13.0 3.0 220.0 g
128.0 220.0 4.0 40.0 g
200.0 245.0 3.0 60.0 y
32.0 295.0 3.0 160.0 b
210.0 276.0 1.5 160.0 b
297.0 220.0 4.0 20.0 b
297.0 406.0 3.5 80.0 g
26.0 163.0 2.5 60.0 g
301.0 353.0 4.0 80.0 r
89.0 115.0 1.0 200.0 r
114.0 224.0 5.0 60.0 g
16.0 307.0 1.0 200.0 g
36.0 288.0 4.0 40.0 b
274.0 84.0 5.0 60.0 y
186.0 270.0 4.5 40.0 y
223.0 288.0 3.5 160.0 b
129.0 380.0 0.5 180.0 b
320.0 377.0 1.0 200.0 y
56.0 202.0 3.5 80.0 y
80.0 117.0 3.0 100.0 g
8.0 321.0 2.0 180.0 r
56.0 273.0 5.0 120.0 b
263.0 358.0 4.0 60.0 r
109.0 102.0 4.0 160.0 y
239.0 66.0 1.5 40.0 r
224.0 308.0 1.5 20.0 b
97.0 339.0 2.0 180.0 b
19.0 352.0 3.0 40.0 g
277.0 274.0 2.5 140.0 y
190.0 288.0 4.0 100.0 g
154.0 13.0 5.0 20.0 y
163.0 258.0 4.0 140.0 r
48.0 109.0 4.0 100.0 b
233.0 338.0 0.5 220.0 g
198.0 54.0 5.5 200.0 r
67.0 171.0 2.0 60.0 g
115.0 374.0 4.5 120.0 b
18.0 387.0 2.0 40.0 g
32.0 169.0 3.0 40.0 g
301.0 166.0 1.0 180.0 g
93.0 359.0 3.5 40.0 y
47.0 374.0 0.5 140.0 b
5.0 199.0 3.0 180.0 y
194.0 100.0 4.5 100.0 r
160.0 243.0 3.5 60.0 y
72.0 202.0 1.5 140.0 g
93.0 105.0 1.0 80.0 y
319.0 385.0 1.0 180.0 y
246.0 339.0 0.5 120.0 r
286.0 302.0 4.5 140.0 r
19.0 366.0 4.0 100.0 y
5.0 284.0 3.5 220.0 g
37.0 179.0 1.5 60.0 r
140.0 252.0 5.0 180.0 r
316.0 365.0 5.0 200.0 b
80.0 25.0 5.0 200.0 b
25.0 105.0 1.5 80.0 y
24.0 68.0 3.0 40.0 y
191.0 332.0 0.5 120.0 y
74.0 129.0 4.5 200.0 r
194.0 19.0 2.5 60.0 b
186.0 240.0 2.0 100.0 g
150.0 150.0 5.0 40.0 b
30.0 18.0 3.5 80.0 r
112.0 68.0 1.5 100.0 r
245.0 384.0 3.0 200.0 y
149.0 348.0 0.5 220.0 b
17.0 257.0 4.5 20.0 g
292.0 10.0 5.0 100.0 b
306.0 332.0 5.0 120.0 y
291.0 332.0 1.5 120.0 r
15.0 278.0 2.0 140.0 b
31.0 220.0 2.5 200.0 y
256.0 11.0 3.0 220.0 r
181.0 369.0 2.0 80.0 r
290.0 280.0 3.0 20.0 b
57.0 182.0 1.0 20.0 y
102.0 213.0 0.5 180.0 b
88.0 121.0 1.0 80.0 y
26.0 392.0 3.0 40.0 r
229.0 133.0 2.0 200.0 y
44.0 375.0 1.0 40.0 r
265.0 117.0 4.0 40.0 g
29.0 47.0 1.0 20.0 g
281.0 181.0 2.5 20.0 g
60.0 226.0 2.0 180.0 r
159.0 123.0 5.0 80.0 r
138.0 321.0 5.0 100.0 g
190.0 201.0 5.0 120.0 g
291.0 391.0 0.5 220.0 g
57.0 318.0 5.0 100.0 y
318.0 18.0 5.5 220.0 b
39.0 401.0 4.5 80.0 g
76.0 293.0 3.0 200.0 r
167.0 341.0 2.0 140.0 y
53.0 366.0 4.5 220.0 r
46.0 10.0 4.0 160.0 r
234.0 48.0 1.5 200.0 b
142.0 217.0 2.0 80.0 g
5.0 273.0 3.0 140.0 g
301.0 320.0 2.5 200.0 y
113.0 6.0 1.0 120.0 r
85.0 359.0 3.5 40.0 y
205.0 65.0 3.0 100.0 b
193.0 118.0 1.5 100.0 y
294.0 159.0 1.0 40.0 r
23.0 387.0 1.5 220.0 b
85.0 312.0 2.5 200.0 r
222.0 20.0 1.0 40.0 r
115.0 184.0 1.5 200.0 y
97.0 52.0 3.0 120.0 r
237.0 176.0 2.0 220.0 r
233.0 163.0 0.5 180.0 g
181.0 64.0 0.5 200.0 r
89.0 181.0 1.0 60.0 r
317.0 275.0 1.5 120.0 y
100.0 187.0 3.5 220.0 r
126.0 252.0 0.5 80.0 y
242.0 334.0 1.5 220.0 r
183.0 45.0 4.0 80.0 y
161.0 100.0 5.5 140.0 y
255.0 332.0 3.0 200.0 y
51.0 18.0 3.0 180.0 b
125.0 27.0 4.0 60.0 y
284.0 129.0 1.0 200.0 b
173.0 337.0 4.5 80.0 g
297.0 135.0 4.0 40.0 r
200.0 18.0 1.0 220.0 g
32.0 248.0 1.0 100.0 g
300.0 124.0 1.5 20.0 y
168.0 123.0 2.0 140.0 g
261.0 144.0 2.0 220.0 y
50.0 253.0 3.5 160.0 r
247.0 328.0 2.5 40.0 b
140.0 54.0 2.5 80.0 r
201.0 45.0 2.0 140.0 y
218.0 158.0 1.5 120.0 b
60.0 294.0 3.0 20.0 y
169.0 127.0 0.5 180.0 b
101.0 35.0 4.0 80.0 g
258.0 322.0 0.5 160.0 g
84.0 87.0 4.5 140.0 y
159.0 178.0 0.5 100.0 y
6.0 234.0 3.5 40.0 g
269.0 167.0 4.0 120.0 y
42.0 392.0 1.0 220.0 r
42.0 89.0 4.0 100.0 y
194.0 390.0 4.5 180.0 r
46.0 27.0 1.5 180.0 y
64.0 229.0 1.5 80.0 y
11.0 217.0 2.0 180.0 b
132.0 112.0 2.5 160.0 g
177.0 295.0 5.5 200.0 y
144.0 407.0 2.5 100.0 r
105.0 196.0 2.0 20.0 y
224.0 219.0 3.5 160.0 b
237.0 212.0 2.5 20.0 b
139.0 62.0 4.5 100.0 b
268.0 216.0 1.0 200.0 b
146.0 48.0 1.0 160.0 g
259.0 238.0 1.5 100.0 y
109.0 140.0 1.5 200.0 g
144.0 101.0 2.5 140.0 r
14.0 9.0 1.0 20.0 g
105.0 232.0 5.0 220.0 y
149.0 368.0 0.5 20.0 y
211.0 404.0 5.0 180.0 b
229.0 298.0 3.5 40.0 r
201.0 76.0 1.5 140.0 b
270.0 9.0 3.0 80.0 r
240.0 390.0 4.5 180.0 r
65.0 263.0 2.0 160.0 b
205.0 333.0 3.5 160.0 g
315.0 60.0 5.5 140.0 y
275.0 29.0 2.5 180.0 b
212.0 339.0 4.5 220.0 b
172.0 74.0 2.5 40.0 r
23.0 141.0 5.0 20.0 g
292.0 298.0 1.0 20.0 y
274.0 19.0 3.5 160.0 b
165.0 12.0 3.5 120.0 r
177.0 53.0 2.0 20.0 b
159.0 357.0 2.5 180.0 r
120.0 188.0 1.5 180.0 b
75.0 338.0 2.0 80.0 g
62.0 4.0 3.0 60.0 y
283.0 215.0 1.0 120.0 b
144.0 246.0 2.0 80.0 g
23.0 307.0 4.0 100.0 b
67.0 31.0 1.5 160.0 g
265.0 326.0 1.0 100.0 r
140.0 239.0 3.0 220.0 b
215.0 297.0 1.5 100.0 r
133.0 46.0 2.5 80.0 r
92.0 9.0 3.0 200.0 r
187.0 309.0 2.0 160.0 g
213.0 88.0 4.0 180.0 y
105.0 166.0 4.5 160.0 y
72.0 313.0 3.0 100.0 r
152.0 236.0 2.5 200.0 r
17.0 12.0 3.0 20.0 y
173.0 188.0 4.5 140.0 r
9.0 93.0 3.0 220.0 b
147.0 108.0 2.5 60.0 y
7.0 300.0 3.5 160.0 y
299.0 312.0 1.0 180.0 b
243.0 276.0 3.0 40.0 g
166.0 158.0 4.5 120.0 y
64.0 248.0 2.5 160.0 y
261.0 195.0 4.0 60.0 y
226.0 194.0 2.5 160.0 y
18.0 177.0 2.0 200.0 g
232.0 401.0 0.5 160.0 b
251.0 366.0 0.5 100.0 g
89.0 262.0 0.5 100.0 g
65.0 87.0 1.0 40.0 r
79.0 74.0 0.5 140.0 y
307.0 266.0 4.0 180.0 g
64.0 289.0 2.0 40.0 r
299.0 240.0 1.5 80.0 b
265.0 233.0 3.0 140.0 b
87.0 38.0 1.5 60.0 r
93.0 100.0 1.0 100.0 y
133.0 90.0 2.5 60.0 y
193.0 240.0 2.5 180.0 r
32.0 4.0 3.0 100.0 g
305.0 8.0 3.0 220.0 b
281.0 42.0 2.5 120.0 b
301.0 378.0 2.0 200.0 r
262.0 369.0 1.5 40.0 g
132.0 208.0 2.0 160.0 b
280.0 118.0 3.0 160.0 y
227.0 204.0 0.5 200.0 g
125.0 135.0 2.0 160.0 b
127.0 60.0 1.0 80.0 y
287.0 173.0 3.0 20.0 y
237.0 138.0 1.5 60.0 b
127.0 347.0 4.0 120.0 r
254.0 72.0 0.5 200.0 g
251.0 15.0 0.5 80.0 b
231.0 317.0 1.5 20.0 y
182.0 173.0 1.5 180.0 g
277.0 366.0 3.0 160.0 b
148.0 193.0 1.5 40.0 y
165.0 355.0 0.5 220.0 y
323.0 247.0 2.0 120.0 y
57.0 129.0 2.0 100.0 g
198.0 207.0 2.0 100.0 r
159.0 373.0 1.5 100.0 r
249.0 334.0 3.0 40.0 r
242.0 45.0 4.0 100.0 b
292.0 387.0 3.0 60.0 r
44.0 32.0 1.5 80.0 r
213.0 310.0 2.5 20.0 r
133.0 294.0 2.0 80.0 g
99.0 103.0 5.0 40.0 r
72.0 22.0 1.5 180.0 b
244.0 250.0 2.0 40.0 y
100.0 399.0 1.0 140.0 g
164.0 319.0 4.0 100.0 r
318.0 254.0 3.5 180.0 b
262.0 103.0 5.5 80.0 g
137.0 387.0 5.5 220.0 b
182.0 310.0 1.5 160.0 g
26.0 211.0 1.0 160.0 b
313.0 11.0 2.5 20.0 y
81.0 274.0 1.5 40.0 g
155.0 238.0 0.5 20.0 b
41.0 170.0 1.0 140.0 g
172.0 316.0 1.0 140.0 g
136.0 6.0 0.5 40.0 y
235.0 83.0 2.5 120.0 b
311.0 154.0 1.0 80.0 g
218.0 245.0 2.0 80.0 y
290.0 195.0 1.0 100.0 b
29.0 24.0 2.0 80.0 b
100.0 147.0 3.0 120.0 g
255.0 86.0 3.5 140.0 g
26.0 153.0 1.0 120.0 y
66.0 401.0 3.0 180.0 y
145.0 239.0 1.5 160.0 r
241.0 14.0 2.0 120.0 g
250.0 214.0 4.0 20.0 g
82.0 173.0 4.5 140.0 y
222.0 229.0 0.5 180.0 r
198.0 211.0 1.0 220.0 y
85.0 302.0 1.0 160.0 b
136.0 177.0 1.5 40.0 g
211.0 260.0 3.0 40.0 r
124.0 248.0 0.5 40.0 g
189.0 153.0 2.5 180.0 r
290.0 81.0 3.5 160.0 y
268.0 296.0 5.5 160.0 g
120.0 151.0 2.0 220.0 r
157.0 164.0 2.0 100.0 r
47.0 265.0 2.5 100.0 r
279.0 188.0 1.0 200.0 y
235.0 9.0 1.0 80.0 g
278.0 9.0 3.0 120.0 y
52.0 292.0 4.0 80.0 b
164.0 134.0 4.5 200.0 r
46.0 40.0 4.5 140.0 b
278.0 209.0 1.5 120.0 b
227.0 395.0 2.0 140.0 g
42.0 163.0 4.5 180.0 y
134.0 200.0 4.0 40.0 g
255.0 384.0 3.5 200.0 r
175.0 27.0 2.5 220.0 b
234.0 290.0 3.5 160.0 r
211.0 56.0 0.5 20.0 r
256.0 204.0 5.0 140.0 y
56.0 83.0 4.5 140.0 r
106.0 48.0 1.5 140.0 g
213.0 16.0 4.0 120.0 y
294.0 394.0 2.0 120.0 g
181.0 384.0 2.5 200.0 b
31.0 359.0 2.5 100.0 y
82.0 219.0 2.5 120.0 y
249.0 201.0 2.5 200.0 b
320.0 345.0 2.0 120.0 g
5.0 105.0 2.0 60.0 y
147.0 40.0 1.5 40.0 r
24.0 52.0 1.5 20.0 b
230.0 138.0 1.5 80.0 g
